6 7
8 9
10 11
12 13
14 15
16 17
18 19
20 22
23 25
26 28
29 31
32 35
36 39
40 44
45 49
50 55
56 61
62 68
69 75
76 83
84 92
93 93
94 103
104 114
115 115
116 116
117 117
118 129
130 130
131 131
132 132
133 133
134 134
135 135
136 136
137 137
138 138
139 139
140 140
141 141
142 142
143 143
144 158
159 174
175 192
193 212
213 234
235 258
259 284
285 313
314 345
346 380
381 419
420 462
463 509
510 561
562 618
619 680
681 749
750 825
826 908
909 999
1000 1100
1101 1211
1212 1333
1334 1467
1468 1614
1615 1776
1777 1954
1955 2150
2151 2300
