PASS 2301 2358 5
PASS 2359 2417 5
PASS 2418 2478 5
PASS 2479 2540 5
PASS 2541 2604 5
PASS 2605 2670 5
PASS 2671 2737 5
PASS 2738 2874 6
PASS 2875 3018 6
PASS 3019 3169 6
PASS 3170 3328 6
PASS 3329 3495 6
PASS 3496 3670 6
PASS 3671 3854 6
PASS 3855 4047 6
PASS 4048 4250 6
PASS 4251 4463 6
PASS 4464 4687 6
PASS 4688 4922 6
PASS 4923 5169 5
PASS 5170 5428 5
PASS 5429 5700 5
PASS 5701 5986 5
PASS 5987 6585 8
PASS 6586 7244 8
PASS 7245 7969 8
PASS 7970 8767 8
PASS 8768 9644 8
PASS 9645 10609 8
PASS 10610 11671 8
PASS 11672 12839 8
PASS 12840 14124 8
PASS 14125 15537 8
PASS 15538 17091 8
PASS 17092 18801 7
PASS 18802 20682 8
PASS 20683 22751 8
PASS 22752 25027 8
PASS 25028 27530 8
PASS 27531 30284 8
PASS 30285 33313 9
PASS 33314 36645 9
PASS 36646 40310 9
PASS 40311 44342 8
PASS 44343 48777 8
PASS 48778 53655 8
PASS 53656 59021 9
PASS 59022 64924 8
PASS 64925 71417 8
PASS 71418 78559 8
PASS 78560 86416 8
PASS 86417 95058 8
PASS 95059 104564 8
PASS 104565 115021 8
PASS 115022 126524 8
PASS 126525 139177 8
PASS 139178 153095 8
PASS 153096 168405 8
PASS 168406 185246 8
PASS 185247 203771 8
PASS 203772 224149 8
PASS 224150 246565 8
PASS 246566 271222 8
PASS 271223 298345 8
PASS 298346 328180 8
PASS 328181 360999 8
PASS 361000 397100 8
PASS 397101 436811 8
PASS 436812 480493 8
PASS 480494 528543 8
PASS 528544 581398 8
PASS 581399 639538 8
PASS 639539 703492 8
PASS 703493 773842 8
PASS 773843 851227 8
PASS 851228 936350 8
PASS 936351 1029986 8
PASS 1029987 1132985 8
PASS 1132986 1246284 8
PASS 1246285 1370913 9
PASS 1370914 1508005 9
PASS 1508006 1658806 9
PASS 1658807 1824687 9
PASS 1824688 2000000 9
